Simple eigvals:
    dim = 3
        [9, 4, 2],
        [4, 9, 0],
        [7, 0, 8]
    dim = 4
        [2, 4, 3, 9],
        [7, 4, 5, 5],
        [1, 9, 4, 4],
        [8, 7, 5, 5]
    dim = 5
        [3, 1, 7, 5, 6],
        [4, 3, 4, 6, 9],
        [5, 0, 1, 0, 1],
        [6, 9, 0, 4, 0],
        [7, 1, 1, 0, 9]
    dim = 6
        [12, 17, 8, 10, 10, 2],
        [15, 9, 3, 10, 4, 19],
        [10, 3, 10, 4, 15, 18],
        [13, 16, 0, 2, 0, 15],
        [9, 11, 5, 3, 1, 2],
        [9, 14, 17, 8, 15, 3]

    SEED = 220145
    dim = 10
    A = np.random.randint(0, 50, (dim, dim))
        [[40, 22, 44, 3, 14, 15, 5, 44, 7, 41],
        [9, 7, 37, 43, 40, 35, 48, 38, 42, 0],
        [49, 23, 34, 38, 48, 11, 17, 45, 2, 47],
        [3, 7, 17, 38, 49, 20, 23, 42, 23, 43],
        [16, 24, 42, 33, 11, 30, 9, 19, 9, 34],
        [20, 13, 13, 15, 20, 19, 2, 42, 27, 48],
        [42, 43, 28, 18, 42, 6, 42, 7, 21, 1],
        [47, 17, 38, 42, 26, 31, 16, 41, 15, 12],
        [31, 38, 6, 42, 6, 45, 15, 5, 1, 34],
        [47, 6, 47, 41, 31, 43, 24, 21, 3, 16]]
    [262.03852481 -62.64626904 -44.92901378  55.18460048 -24.00804501
    -12.00843553  -9.52943179  35.56763503  20.85085649  28.47957833]

